-10 -10 -10 -10 -10 -10 -10 -10 -10 -10 -10 -10 -10 -10 -10 -10 -10 -10 -10 -10
-10 000 001 002 -10 003 004 005 006 007 008 009 010 011 012 013 014 015 016 -10 
-10 017 018 019 -10 020 021 022 023 024 025 026 027 028 029 030 031 032 033 -10 
-10 034 035 -10 -10 -10 -10 036 037 -10 -10 -10 -10 -10 -10 -10 -10 -10 038 -10 
-10 888 040 -10 041 042 043 044 045 046 047 -10 048 049 050 051 052 -10 053 -10 
-10 054 055 -10 056 057 058 059 060 061 062 -10 063 064 065 066 067 -10 -10 -10 
-10 068 069 070 071 072 073 -10 -10 -10 -10 -10 -10 -10 -10 074 075 076 077 -10 
-10 078 079 080 -10 081 082 083 084 085 086 087 088 089 -10 090 091 092 093 -10 
-10 094 095 096 -10 097 098 099 -20 -20 100 -20 -20 101 102 103 104 105 106 -10 
-10 107 108 109 -10 -10 -10 110 -20 111 112 113 -20 114 115 116 117 118 119 -10 
-10 120 -10 -10 -10 121 122 123 124 125 126 127 128 129 130 131 132 133 134 -10 
-10 135 -10 136 -10 136 137 138 -20 139 140 141 -20 142 -10 143 144 -10 145 -10 
-10 146 -10 147 -10 148 149 150 -20 -20 151 -20 -20 152 -10 153 154 -10 155 -10 
-10 156 -10 157 -10 158 159 160 161 162 163 164 165 166 -10 167 168 -10 169 -10 
-10 -10 -10 170 -10 -10 -10 -10 -10 -10 -10 -10 -10 -10 -10 -10 171 -10 172 -10 
-10 173 -10 174 175 176 177 178 179 180 181 182 183 184 185 186 187 -10 188 -10 
-10 189 -10 -10 -10 -10 -10 -10 -10 -10 -10 -10 190 191 192 -10 -10 -10 193 -10 
-10 194 195 196 197 198 199 200 201 202 203 204 205 206 207 208 208 209 210 -10 
-10 211 212 213 214 215 216 217 218 219 220 221 222 223 224 225 226 227 228 -10
-10 -10 -10 -10 -10 -10 -10 -10 -10 -10 -10 -10 -10 -10 -10 -10 -10 -10 -10 -10